Gauss: 184.45169-246.57874x+65.46427x^2
mistake: 86.88848

Householder: 184.50989-246.60231x+65.46623x^2
mistake: 86.88843
