Middle rectangles:

Mistake: 5.0E-4
Step: 7.6293945E-5
Value: 11338.612
Score 0.0

Mistake: 5.0E-6
Step: 7.6293945E-5
Value: 11338.612
Score 0.0

Simpson:

Mistake: 5.0E-4
Step: 0.15625
Value: 11338.608
Score 0.0

Mistake: 5.0E-6
Step: 0.15625
Value: 11338.608
Score 0.0

